   0.0000000000000000        0.0000000000000000        0.0000000000000000        0.0000000000000000        0.0000000000000000        0.0000000000000000        0.0000000000000000        0.0000000000000000        0.0000000000000000        0.0000000000000000        0.0000000000000000        0.0000000000000000        0.0000000000000000     
   4.3699930251045791E-004   4.0844888414572718E-004   3.4155518381562520E-003   1.5382884524602420E-002   3.7969458502212908E-002   1.8885727564849273E-002   5.2655268974897444E-003   1.5778514085316209E-002  0.33054706441912357       0.17823724020040160        6.6570933520760725E-002   1.0721485760936234E-002   1.5481642364522203E-002
   8.9566540543620503E-004   8.3335408749808312E-004   6.5630947307390719E-003   3.0867393700151437E-002   7.3444016161200595E-002   3.6665938941589038E-002   9.7197495550256953E-003   3.1760785157683165E-002  0.48483748168830582       0.23064109711259687       0.11151888282842183        2.1353429045747371E-002   3.1012647253267925E-002
   1.3764203995337812E-003   1.3610845202881496E-003   9.7980561249558264E-003   4.6777224636817126E-002   9.8139819503549150E-002   5.5613791235984214E-002   1.3879278336436783E-002   4.6942600846078833E-002  0.54066320025094028       0.26214362513196005       0.13782260900014573        3.0831508342435372E-002   4.6229241342562885E-002
   1.8945488462077068E-003   1.9768840715314114E-003   1.3213640656704519E-002   6.3632265593223838E-002  0.11938199858822160        7.3598644186513601E-002   1.7771582594816912E-002   6.0206243426086964E-002  0.58023001212828518       0.29009680415136441       0.16039381314391385        3.9306837137041847E-002   6.1456190575209221E-002
   2.4687844783545161E-003   2.6466104694956097E-003   1.6786806960610308E-002   7.9402049532879451E-002  0.14352763302447508        9.1797091067758102E-002   2.0997923852433081E-002   7.3243288014012975E-002  0.61248202406917607       0.31425781613207648       0.18092244165216634        4.6444928582989702E-002   7.5459858411777478E-002
   3.1287910278253875E-003   3.3847807746525348E-003   2.0702131790779645E-002   9.5382179658731039E-002  0.16752209033122442       0.11093761599252368        2.3517379106457719E-002   8.5632305550688612E-002  0.63628755000130210       0.33676246825797695       0.19918412092409332        5.3161173722499636E-002   8.7391585147987408E-002
   3.8850299687495024E-003   4.2577115235581135E-003   2.5340869418075326E-002  0.10978000708611538       0.19129449437158233       0.12998368274005467        2.5766511423060801E-002  0.10030811459496074       0.66078971655418273       0.35737386560550410       0.21603059373592320        6.1092613276545832E-002   9.8021545858703429E-002
   4.7153934543278002E-003   5.1607507735009512E-003   3.0652059255419677E-002  0.12327430409394791       0.21447247666830804       0.14853899366174916        2.8841164721092414E-002  0.11546049470253375       0.68295383772803531       0.37659748429406631       0.23041295918992288        7.0929945090716109E-002  0.11114839415794169     
   5.6377197960251965E-003   6.0205295129797196E-003   3.5866492505777683E-002  0.13771622190602537       0.23645362282536697       0.16641928328918479        3.2062581098397332E-002  0.13107824050671935       0.70106788967137690       0.39273532744679357       0.24455151241727674        8.1402977081334649E-002  0.12635160722075137     
   6.7641604523408921E-003   6.7661464122603853E-003   4.0971995844781200E-002  0.15306639055461391       0.25492811101396318       0.18330355924766065        3.4751201976750405E-002  0.14602827855559211       0.71681496908606979       0.40543541382599918       0.25630492692671070        9.1911843205191190E-002  0.14103030458203994     
   8.1706808822730459E-003   7.5063729593185914E-003   4.5583537466134007E-002  0.16826702612678301       0.27062039033025759       0.19991085043284121        3.7839966633232025E-002  0.16002085211692929       0.73076212487721659       0.41755554986304738       0.26492705995982635       0.10212488672028634       0.15531270567226388     
   9.5157909475675814E-003   8.3610134872328119E-003   5.0560883250862318E-002  0.18482005881321409       0.28672215147377389       0.21513108062705782        4.1522522474244428E-002  0.17567743541405773       0.74227013607398429       0.42927752027268939       0.27307225212430580       0.11401648245738986       0.17152831449368283     
   1.1008694257318385E-002   9.1857566551659716E-003   5.5086574059143995E-002  0.20252215685334474       0.30316698520066621       0.23026265854773031        4.5345089532505704E-002  0.19138531967255540       0.75106571718973258       0.44106289720797631       0.28035582480922672       0.12582336192765076       0.19064220617274913     
   1.2517344898218744E-002   1.0084131340936086E-002   5.9312303484684852E-002  0.21973367296075846       0.31959153826246584       0.24548881089162217        5.0638261744166725E-002  0.20795692190669357       0.75850715613215902       0.45363669670635243       0.28678173900529780       0.13704117892024353       0.20919807358082160     
   1.4237134384331327E-002   1.0795060017801072E-002   6.3979530685817007E-002  0.23422111413293309       0.33534332427670832       0.26039767904144323        5.6901722451339828E-002  0.22489444217884710       0.76626183237583645       0.46520030607117174       0.29310932698744352       0.14805200512045671       0.22729018055179129     
   1.6108267302987141E-002   1.1657228226967846E-002   6.9302795233573647E-002  0.24869457334882117       0.35151606299528421       0.27555552131944117        6.3247663234931514E-002  0.24213655404939943       0.77393637691253570       0.47669546450681083       0.30088711515541017       0.15917684194076218       0.24871886469653623     
   1.8041735303588123E-002   1.2825092241325862E-002   7.4369812009588518E-002  0.26480446194914337       0.36770494312708024       0.29061478779475330        6.9439392392571728E-002  0.25588782102508273       0.78600824225673860       0.48810776677628681       0.31043751210963211       0.17071342433842562       0.26949255803254241     
   1.9767276077807341E-002   1.4116931599401023E-002   7.9503148594245260E-002  0.28160024789192778       0.38370016239370308       0.30462297479253975        7.5400997689249891E-002  0.26610790876118900       0.79697146776069661       0.49894768739958106       0.32141469218738677       0.18313081007048956       0.28903252882359093     
   2.1510515508201378E-002   1.5508504137800168E-002   8.4443816708703837E-002  0.29859180996095913       0.39830662432680730       0.31790035808319306        8.0431745006188521E-002  0.27656875318940372       0.80570587180690878       0.50824455295366333       0.33572112664437759       0.19567952614510215       0.30430572473449247     
   2.3633412613002606E-002   1.6620693673926951E-002   9.1012131806509258E-002  0.31600975713372037       0.41109240845423806       0.33238850246707258        8.4381571794168886E-002  0.28756471073251438       0.81441539503753735       0.51744348771148474       0.34887299104320207       0.20823784595338726       0.32008861823282847     
   2.5688048003154836E-002   1.8136440272146115E-002   9.8036322203567436E-002  0.33363817007864283       0.42395739473396693       0.34721866209611102        8.8448781121979667E-002  0.29764687611107543       0.82303298135089542       0.52698169403396333       0.36169114004710168       0.22195286540032122       0.33769970267826466     
   2.7827105406488872E-002   1.9918449328945691E-002  0.10477040654803112       0.35138083770179496       0.43710723763082049       0.36139173610342840        9.2567863267476694E-002  0.30699595127970675       0.83082196370138328       0.53615574791568521       0.37471935353055813       0.23599271578041617       0.35553517905317594     
   3.0458726669940702E-002   2.2010998419281658E-002  0.11099177666246599       0.36957012237407710       0.45073919321767630       0.37570541755649323        9.6823429320519488E-002  0.31785896760285509       0.83797845007733562       0.54545946245141586       0.38803673744075717       0.25004977899567166       0.37408616287866148     
   3.2980988906046595E-002   2.4315766091151759E-002  0.11689432188754893       0.38712011768948867       0.46440610329545712       0.38970051900267388       0.10319103510571377       0.32770585858157059       0.84472972664721302       0.55505172407937098       0.40139259794444887       0.26601998159958590       0.39372664986949402     
   3.5750201672418769E-002   2.6582670927987641E-002  0.12305472076444689       0.40270389162094877       0.47748976306758018       0.40400351595691958       0.11109643765842075       0.34107633991196568       0.85117581016345356       0.56499934685230890       0.41397988359250032       0.28297776483243964       0.41326307461006062     
   3.9267746480861593E-002   2.8895925588622463E-002  0.12906029172143688       0.41924500030727163       0.49017894697341607       0.41897559254186206       0.11880183354687272       0.35976916548904730       0.85741912369560325       0.57496878422363196       0.42597414907326542       0.29769800285858489       0.43178969142645807     
   4.2864449943871501E-002   3.1713702742022891E-002  0.13475749252804353       0.43608591668724156       0.50659824842360002       0.43574376999295283       0.12620732881079658       0.37894277537886534       0.86377741601163305       0.58370046518881247       0.43826927865531640       0.31514792863089730       0.44962949121196033     
   4.6590092556436993E-002   3.5211707447772710E-002  0.14044781759485489       0.45360143245277618       0.52286050431099107       0.45341763087058473       0.13361435848726008       0.39678175567218688       0.87003644032162053       0.59114128637486740       0.45202549662190583       0.32303412706320184       0.46559063285880303     
   5.0450777653213520E-002   3.8290144903616957E-002  0.14618294194786541       0.47152039805022916       0.53890145143488244       0.47019886120529913       0.14153335453469990       0.41360588012449778       0.87599817649576384       0.59899177742474452       0.46808756521672451       0.33409865794960109       0.48061758146952555     
   5.5159345766305337E-002   4.1224383901190605E-002  0.15176203607488661       0.48837652003059934       0.55477560474343113       0.48121816322335798       0.14996261263715721       0.43229551236146690       0.88153706831583256       0.60706673891657525       0.48561756845645854       0.34616262513853391       0.49599766993241590     
   6.1313461843084630E-002   4.3698730920028211E-002  0.15634209471793462       0.50601750385927369       0.56956913633029937       0.49523526607187190       0.15944273456386934       0.45400169951995240       0.88664875182943681       0.61445995021155964       0.50253117313851148       0.35731982900334680       0.51164614157460075     
   6.7991808865887224E-002   4.6246486042654938E-002  0.16131927827018538       0.52213374378357780       0.58354336536326112       0.50851446805789080       0.17018138567809940       0.47700166774558217       0.89147439714492427       0.62194881230614074       0.51890066435868165       0.37010505949459360       0.52794840974825197     
   7.4433965550558034E-002   4.9276216515282877E-002  0.16857910893196373       0.53780257441245927       0.59724643720608428       0.52200281147763894       0.18070348672649431       0.49898224134086872       0.89635663216619277       0.62917521752025052       0.53569360557042467       0.38540075552163994       0.54398674353044818     
   8.1462567310671072E-002   5.3138419948209226E-002  0.17677790192420520       0.55410025369282390       0.60920923979272223       0.53217653297569245       0.19253902620656613       0.52049193590692400       0.90137765114258017       0.63613119440554355       0.55320354902644175       0.40003921352623778       0.55416618185027744     
   8.8272722933208758E-002   5.8906752467169345E-002  0.18628816070569940       0.57098982267840759       0.61832211034558238       0.54049640492930240       0.20534122327629040       0.54234435007257553       0.90416033183488864       0.64289318094268044       0.56970730867784403       0.41659593791346944       0.56615512071493057     
   9.6345723489707477E-002   6.5713643179886649E-002  0.19673460582702471       0.58843105765336146       0.62742218120964388       0.54884633342728217       0.21851437569284560       0.56354811952865491       0.90764033069006289       0.65011913027095458       0.58662679239026927       0.43462949580727622       0.57821846185516090     
  0.10693760142239489        7.2408315770667836E-002  0.20719024488012722       0.60730406427049199       0.63713262317353225       0.55552631481741199       0.23136906993475140       0.58492326069995659       0.91104415063112987       0.65843684640140498       0.60278602563423778       0.45284193992106914       0.59207205926969797     
  0.11817454873022859        7.9430092866415031E-002  0.21761024737518755       0.62814683696462414       0.64577032462325434       0.56921650127325818       0.24401041902230619       0.60462081830571524       0.91441628342239745       0.66707081931251888       0.61798606864407923       0.47012827331516260       0.60661361056083940     
  0.12921355269110010        8.5826650497119447E-002  0.22782252876705311       0.64913806959752651       0.65396252393548293       0.58368553226858044       0.25623783198747713       0.62156383845855934       0.91782836522123146       0.67486902705404583       0.63173031332365714       0.48841714419001553       0.62066605719809875     
  0.14025363124180268        9.3227260222361413E-002  0.23956961726423456       0.66597212133027317       0.66336811479228019       0.60128650562211661       0.26776233442616232       0.63792780550608352       0.92110155804637017       0.68256127316996595       0.65158577802839668       0.50924589669386144       0.63533595039720925     
  0.15288887616891117       0.10173598814598271       0.25212332610391563       0.67762036805371573       0.67493658488920028       0.61943151857047396       0.27926780182653343       0.65572159193502455       0.92439326254267518       0.68991251401215714       0.67015464335199371       0.52919447423804988       0.65135982232421219     
  0.16763696337615336       0.10905435492722904       0.26465229526821454       0.68917250860541224       0.69142050078495687       0.63675927699107782       0.29153502093972089       0.66702142965959077       0.92804640660471027       0.69662305751072429       0.68833335375743721       0.54886293597220670       0.66929029431039033     
  0.18424778465655800       0.11913980629602133       0.27965817865764692       0.70150256402227218       0.70517793997136291       0.65333715979255380       0.30604183622170689       0.67724295800525869       0.93178158908575515       0.70297464621260308       0.70584708191390044       0.56671953600763547       0.68480805750247742     
  0.20439766949123814       0.13082223162200657       0.29353363565883744       0.71705137120274409       0.71896725850188115       0.67125934399521303       0.32243498141213772       0.69005392949789146       0.93523512345789706       0.70883698552138719       0.72313138639924979       0.58491663990584208       0.70142261723069155     
  0.22821838838551195       0.14377269785479077       0.30945708927503623       0.73517523474428259       0.73290488562235900       0.68800293916880195       0.33921567783121503       0.70218295863719205       0.93852340063268824       0.71469942887819504       0.73980441686507403       0.60100463438182028       0.71995450972422415     
  0.25309511371962029       0.15707883246140983       0.32847190596480252       0.75296353108554026       0.74657768684358461       0.70210366685027026       0.35665411975333339       0.71564802010898909       0.94181993723756730       0.72076895772635607       0.75609699679818088       0.61728289308837703       0.73890566187962414     
  0.28035987488327363       0.17154607587267215       0.34596846258024749       0.76661496375196214       0.75968585402954858       0.71393190976893273       0.37511945714518341       0.72833003958131359       0.94483516762707265       0.72724041760479863       0.77214888585667829       0.63321832962356639       0.75867358315103617     
  0.31306991954011337       0.18825322540915088       0.36286995634757813       0.77995319670194652       0.77179438442662884       0.72544386819769424       0.39672038126448184       0.74019650042533014       0.94796311227436336       0.73340819841446281       0.78722626080815594       0.65101659709579685       0.77932001516076610     
  0.34158846329604747       0.20487125676385001       0.38338703930660167       0.79405292624481183       0.78331509091004015       0.73623329392998615       0.41946316607685880       0.75267603537012184       0.95074371372527244       0.73996512626997313       0.80203089656580229       0.67030808654125829       0.80050463747543310     
  0.36325331294697427       0.22469691661622046       0.40481452767316134       0.80961493207983271       0.79585642047987815       0.74647076985624927       0.44254914880208590       0.76660307710279141       0.95361025236739161       0.74613388007296766       0.81501524742392917       0.68807360991838828       0.82156296234681958     
  0.38438053543327172       0.24753550456225143       0.42601086555769974       0.82836938177607788       0.80731683911243912       0.76236480879925772       0.46554302717331164       0.78215203732644256       0.95637512368865896       0.75251023599840683       0.82782183914078133       0.71044057350637613       0.84072401751297610     
  0.41479323012675712       0.27603309138942073       0.44835688147787700       0.84509623282890078       0.81814166748615491       0.78118475829751866       0.48950745440922383       0.79949432712266610       0.95896111086746938       0.75981200178089170       0.84101227403365841       0.73631356059124231       0.86046462837760385     
  0.45427133386391749       0.30730369063944907       0.47041151195516329       0.85641030925556016       0.83019323305823578       0.79942128332370455       0.51283697232211356       0.81734906990215994       0.96112137086984106       0.76696249775174574       0.85426288765559011       0.76260410718896110       0.88227292030498983     
  0.49682680239691901       0.34641579800937300       0.48991893875792097       0.87029199619744579       0.84145588488911127       0.81803014696396670       0.53756465235131234       0.83634438517153731       0.96319441736350375       0.77413809861395888       0.86752480982125157       0.78933612415041932       0.90100261886218491     
  0.54266512892117691       0.38586057642842470       0.50599675024171509       0.88641998758779383       0.85410300140521245       0.83704942551088390       0.56112007034115186       0.85373914429105424       0.96531853005551571       0.78120651562731225       0.88025845340622921       0.81356992626210023       0.91230225956719557     
  0.60593052497404010       0.43549743525683543       0.52516532140506222       0.89678359918465456       0.86842817761097657       0.85549556644964331       0.59026563631241846       0.87054460763124442       0.96738469520054671       0.78908669086727801       0.89260553782741914       0.83674824971586037       0.92076336611722021     
  0.67093464447368623       0.48843878262404783       0.55064404429385194       0.90753685885492563       0.88303802767418038       0.87277027624140158       0.62137172485571524       0.88639896660233131       0.96980410808139283       0.79693100892767788       0.90534419484771878       0.86191162684035860       0.92865597652363141     
  0.72800453889244943       0.54626149697201831       0.58361782835423071       0.91795729922919256       0.89826061878880881       0.89031293804266509       0.65518397883967905       0.90173383113484762       0.97269222535308641       0.80757266122492011       0.91766516636382589       0.88511726788659184       0.93612147843809812     
  0.78362951065404907       0.60622681371481713       0.60781578218965893       0.92892915172177104       0.91220077769173391       0.90953349716464982       0.69412863653221435       0.91770127001166457       0.97578941238628480       0.82020131199355295       0.93172935270895541       0.90339356510932134       0.94439024589526599     
  0.83801716493593548       0.67361742434195049       0.65626563687832828       0.93988917460300536       0.92452182138605532       0.92973903756781962       0.73311837386156276       0.93467072743402024       0.97911296718142105       0.83462539051387796       0.94729513095670193       0.92330520104377889       0.95254218591072637     
  0.88161535577541950       0.75243777780167109       0.71262359783144058       0.95357840065687838       0.93591471286614525       0.94922199724456147       0.77117484037536399       0.95204109588127994       0.98287891564893037       0.85205422636661354       0.96068709239976979       0.94425995236903237       0.96213446353377730     
  0.92247253214153069       0.83824585375370664       0.76904555496966953       0.96884948072364763       0.94435726760215488       0.96801982872363168       0.81863070821776196       0.96893682043603968       0.98723590254916782       0.87151596262712050       0.97318251309218484       0.96348576431716471       0.97242347036666310     
  0.95925203249727109       0.92209413930248474       0.87499562455231294       0.98463530495440366       0.97031325825556847       0.98447134401435721       0.89732258052834601       0.98501532173857209       0.99293160946419534       0.92208063321517386       0.98577640251805565       0.98247596865131548       0.98640156927659939     
   1.0000000000000000        1.0000000000000000        1.0000000000000000        1.0000000000000000        1.0000000000000000        1.0000000000000000        1.0000000000000000        1.0000000000000000        1.0000000000000000        1.0000000000000000        1.0000000000000000        1.0000000000000000        1.0000000000000000     
   24.592001260671406        12.627723500656685        13.305016940061664        3.5197971563011752       -11.772177902878576        2.8506683752989597       -10.706411808843717       -10.314311131996055       -1.3838416697901397        15.263990805587193        14.666212697885442        8.6516721061408273        9.5424818544661747     
   4.7081605447241923       -1.3067165396331692        15.225598180731376        11.210298800561185       -1.7058545318521050        8.0070730425219718        4.0009590761325189        13.520264437861977        3.5289362707084080       -2.3825469875483818        13.447607477367791        1.6338028969823402       -2.6143248184828209     
  -4.5728474818353817        10.227948713277570        6.7682509441236682       -3.6169881522985925        3.5357227015150108        13.573166171615913        20.345226452795529        14.691626182302429        2.7736875249758364        3.8030352118390502        1.9312588841373171        20.911417910162957        18.125528628590814     
  -8.3368131091318229        3.3841428779407230        3.2521777768715747        7.1481566559943968       0.52243584214494221        13.352910384275047        14.519064301954860        8.6358686231606363        4.7484271933359707       0.30391171117752031        2.9171635745876028       -5.4385507648483902       -6.2859319416880783     
  -15.902821394993859       -6.4216442731988090        4.7711986255204168        5.7379781782450285      -0.84258252428930303        18.093237273487670        9.2573500294877160      -0.99802681427045215        8.8136260318301396        18.062925109398780        8.3611794246010724        6.0768436927333980        17.229223887462865     
  -2.4579965917466406        7.1279019691779366        10.249719273414531        6.6465291146926990        20.624273876339480        8.5467274274056102        25.997186188384923        24.795201492858094        2.7947775836000202        9.2365817138182624       -2.0896302661373154        3.4111011248097971        23.082255414234524     
  -21.845098161314318        19.285776577267292        5.7572204907320534        13.792710738296451        2.4105170203544857        4.4517550764343632        16.512650713583763        11.173587903351143        8.7935506501338185        9.0322031549812536        21.972107247420958       -2.2705194759210579        14.080816569258770     
   12.616069432401556       -6.3920432199607076       0.81239441541294810        27.423530777587402        21.344813490827146        11.692903330564896        16.200179603246323        10.687749065290619        15.797964324914012        18.071189079905743        13.794905720499209        20.548205169485460        8.8617695497997122     
  0.58433267221889873        8.0774589002906738E-002   4.2979499466132094E-003   11.597284707535962        2.3851565363180560E-002   1.6797375232881803E-003
          11          13          12
   5.0000000000000001E-003   10.194154889699984     
